x<-6
y<- 2*x^2 + 5*x + 10
y #112

x<-10
y<- 2*x^2 + 5*x + 10
y #260

x<-8
y<- 2*x^2 + 5*x + 10
y #178
